$ANSIBLE_VAULT;1.1;AES256
38363834656164373763363665393731616361626163613563376130356435373836656261393430
6136633536393935393333393438346537613731626162350a386539643435366139353532633466
65326662623330646662353233623934666263663064333363353934386363613337376665326365
6435386662313863350a323631623966643164386537313231663066346331643936623865366432
32316234386439623034353035613864323239326565303232306461376435396437653730643465
30656465623736326166313036383565356265633334656431306436323064656536343439623235
32623862363562353639623833646531323230643562353765663738356661366562633262373363
31616536613231386262373136313730653266653464363564626235613533636161373037623762
35346632633138363163363732623966633634616537363435356233653831303635623639303839
31353532353763316235303030366364623864326238623063303239393464353934393839666434
61396666373834643438386562666138613566366537396631653366646630336564333737643631
61643964323131376261386438303165316364366338373135383833393139656463323834633330
61396435323237666263396661313133333965386434646363396537383735613038323662376230
39623030393064656534313939636137343934306166376231363063633262363436613762656633
37316638383738313633666266623266303032303166343963313533376661633463336530663632
65343463336366333532636663366136646264623066343233366562613162616465616436373365
35303438646135363833303536306663643464653738353431616564353338663661303765616364
39393233373963343661313662316432666265376436626233613266333331626137623930393233
61346433613762326561326435343262383363336433303038656431643666333330653431363033
37343462383138313535333938343238656662326366633264323633313534303036316564373561
66373634613030666565663536343832376262323939363531343335303266326464633163366232
37333262323430353833376262346339636439613039313464343039303738306436346134343562
61353030613766396264623437366537396639363839666664333232666439393735633632386236
36663963656566336665316638323435633439646538346136373661366633643530643264393934
61643462343766386334383766373666376335356437633262306235653466373330383466643363
36393637636365663764626330383030616137346539623838613131616533353635383435303038
35383864373565393265626539326237666161666364376634653337383239353637383333396536
66633763386661366239313062306332386263306333666139303261653133646636376338353861
64363230343964663134303133323238336566326139373164626535326131363333313064666462
30666639636532383931393534653636393363623136383335346334616465323633646532393431
32343133663265373934376437353264666233613865303162663365323739643163396533653563
62316136366531343033323665646135643631373530306230386263336361626339353134343866
36333334383631646462663537383663306234623864353465333065633538373631656235343130
39386539383065643735386435353439613864386638393434623133376363373536316566663932
38343535666664616333626631376164363532346332333262633639363238393065323932666264
32616262643130633963393464633961313032393831383833346166646566313630356138316536
36353635663961326162353837613032623238336230393337653437626236656236666539616361
33656365646233343665653434333831303836373230353838326634336265346663336463363430
38646235623534306362613439643432306636633731326534613234656264666238323031373232
65653038326337636334373234656561373233386139656266626534336562613662323864323566
30353862646665353239396566386336303062343038643635303132333061353865393866346232
32323466376262306266383765383432633333386166376364646438356237366365623630356538
30353935386432356466306636346166353061363831383462393662343135643264356233633234
36366163383830363337653863643537323933623664613032353235363131643462323435323737
34353666616635383962666264393831336335653530393364333130313236303338653232303638
37383534383539316234326265663138616132373934613163643338653261633235356237316337
30333535346364663166666237353764636337623837626563316166386438623135666137313837
64383430393764656635333062643164343334666630313338663337326461353735316335373034
35326261373366323164336461643835376132346564346230353365326263366463393731653639
64363561356166383564366236633934363438656438323337653432336465663965613064373239
61396265633931356362386137356331333736613961653438343737666162343931643637643266
37613934653837323233316436316530346633393561396436356530656266616135313339396263
63366632303234656236316366316138636439373762663166356138613330346563303738663731
31613036373337623630636464333836636437383831346562633465383565383333396466653730
61343331646332653461393736613636376466303662343266626138646638323035353632346431
33393232643963643139333332653862376138386636346437613866353239346362653232626538
34633862383635393337303761316262626163633835346266663435323235643637363930396230
30623166373065393832343535623764663139366439353035316135393365623866373330366236
39313539633966366632373766383234356437373336316638326336646131363936666566306464
30336534616135333565333832656562373539353563393564313662393363396134616138633034
64373936313065633164656337326434643332666263616538643061626232636462333538633830
31306132313939613131346533623432393862376365313438623839356139646334333563373364
36636634393465613235383365393036356162376361616164346532656432353634376166623238
31333465336665386533396130653163643439343166333435306533646563616137663563636336
36303736623838646137353833363764393536323932323535663061626561393236333762336662
32353563313836376565366630386330346461623864343264303430376137306461633264623965
61616665616333646361323633356230343837366563393238653739623763643230633232656165
61643061323339323938313261356533633536393634643238333466636438626164323638363363
37393933633233623266376365396430633637643462393132646338393237373631303332303762
33376365333930303831323865633463363236633132373739313437323233623266313163643138
38666133346639386232623761656364396262373430336134663334663730303535313535363436
64376432316561396636303138373561333733346539336433663766626238643238386438323633
36383163326261643138346265636164396162326662373962313564663031626633386438313166
35386261393863633533303232623864646633636265346263323366376464663766623165353436
33656433636532666164656130306263643166336166663964633839363764626562646234323636
30316632633365663238653633383439306565613563646163376161366630343966333230373066
39626163313137623734613635303761663164306263396339626261653936353766656438653962
39353066323732396239633739373831613231393436383561333565636664393861663537343464
62656163613464346563623763383234333239363230313833363535653563366633366138346338
34383332653036393932636538326235663765366436383932623033306162616261316366363534
33346365663164333463373032363963396533303164373561643036373166636466656565633562
62313961353465313366633235333838313331346234353838633935366638376531623433366336
39373437306535353561626565626166386337633033333637363734643534353466636433646533
36656463646630636264633434316230666537373932333262346533396663396161383238646365
34666538363335616565636435333165666239613637373437643966356331663130373630316137
66343965623665653837613163666165346230343934653666366636303165313635616437666637
32663161323431353539663630393635316336373166623266313833336363386435343961323232
33623364346339343563316366313464303064306335626461313330336531666638383936663135
66623063383763373634363466376234366566666561653537366166623732326331323935653639
66343039663035396432306565356631303563333639613638366163333737323639393535313136
33663233626561323863393130613433663830316264383334323137623033393630623763356666
34326438663333643234356533353866363036313338623965356631323334623966333262353532
35633165656166363635383861646361646666396339613365373963613839356132323139393631
66323933613132666564373638336361386230653261316563666664393365643330306664363739
36363238313962313530643633323563376464383466303761633833653030626638643135393664
65306136653130643063346264323336366436333435373435613132656132326134333164623731
63383065626430656231313262353434613930303962663664333038623539633864626132383537
35306266663134393933343730616635636235646662643339396331333161613238393238326331
35343062343638663532663432613839373831363634373730393531623965663238393862373064
39626165313037386631343933613734396439343839333664353265653131323763353333626132
66333838333636316139646639396364656633383935313965666231306566643234663461653965
61366137303036613932393430363939633264623631363437656533383133353163333864623961
62643830346134393633373333613230363461643639396133353939643964393932613562633537
35373635643961613861376265393030333263626539383765353361363938323036366134393839
30613366363539376532333166373862373366643437333630366166643365316565303533333734
66646235393137373939643635653439646137366666323731386465663737323238366562316263
61613233326235646139353130336464336632346161383931663431633533613361626131616133
65363836616665653434636137316530366631303561663837613234386161313334366439666462
38353230386661636136333065306237626364613032376432346465366166656438613161376632
36366534633366633465626362303835353831643565333139666336386663663562643833336465
32616638353535346135393832643137303635623462366163663033326532323439353862383136
39313039323036396661366133343639633761396264326231346566326263323332353834666235
33373434366461393762373132653466336534393935343435663437303431323532396133653431
39396665663137303036323333303461626234653635646561363465326236643466646239386634
31393564363437666264313338326534323364363333643266383864316564623666373239633731
64626334303161663638356638343962653564373565646234363639363832376561383539623533
61333133376134363662303736613432363162346465386233646362323365633661653533336537
34636563623862656339663261323437316337353433393032653333303265383632643461363937
64346539633036356666363835666130346434313961613666646236646237343533363238613231
34343266633061383663366165306135396565353730643336633064643935353536393163633331
64336535633162616531323466663466636265313535336334643732336435393463383231383531
62633332333934666165393338366163643739383735626431643863636239643962343130666666
39353832343166323963646466306364653034666262656665383932623933346161366439316133
61346366333963393734656364333763366336333131623633663535363230656131316131623333
62343633336433626338356637623263313461303364626131623934396535316264323131376563
62323538333761366364336631666539376134363930396332316431623131383937333334306166
33626333303038353865346337626661626162343466616435373232626666306361326662656230
66616564383139623264613866653432333536343938616534666334303632303934633064646465
37646139373833326562306131646466616565393463393630303830343633616563663332613837
30333061636132623731653462353562396662326339613366363534393936613237326265326632
30353930343630393638386537653035653965343235313161653362326331373833353731326263
65623633626635666364626463613735326339316137656539333366343738376131653539396265
65333832616461613231626136623232623838326130393435613932313630363430303535613037
63376435373037353035613430373631663962633063306162363464306339363338663038393534
35396537373230643763303831343165613539613235373132333263643335633562323432373262
66336230616235623763373735323237653533356338353035643639386633366531663263366338
33386134346361626239643631333662336235346465393438623039306332363461393638666435
39383566643537653738653430653762653964373064643031396331396162663363626438343138
64633136646166366432343666343539623866363433373131333266366465313934623763373936
38303033663565626363663639666162616538393765663561333961646230656238363737393462
62383932643264616463346530316565333466336531626561376565636431363430333462663335
32636131386237323262636138663936653938303464343438303366623763633933366134343932
36653331663961623031303263363433626235656132353236383662353435313965656433363164
61373565336235363132326265623435313637656433346533393330666332383532386534363462
38356635626638393765396132353436383137376330646338393064643065303432303237336365
35633130363365633165646431666330366631643863363739313033623135643136633331303464
37613064383131313130316562626265633538333132376565373935353466306565316437633136
65393263396433383665306261653135333836326234643464623235663039396231323337303839
35326531333131363630383132356165626538666631343034386439333936383436353165623765
66306238386463353664356265383562666666653332383931633239383964616561613164626433
30346231303165346336366334373538373139353566366433663463633734356430346531386631
37666439663261303964646139623563386237633765633237613039393639373333326137656262
31663631356431393166646432396439663663326633633865313335356263336632356331636365
33626336616365363666666233636364633261663061333838633638303761343365366536633862
39303965623264373537366430393262646162303239626564396638373135336333623263376566
66353032666633616634633737333363323938646636303365313736623835313036653731376334
65646532346163366664393262396665383236653232353731323439393133376465376636653836
36643034333438363639316136633830303439653239316138363637326637663333326436313062
32396561623035373865306234373361316563623434343030636462373562346234663738393061
65656234636630653766386233613337633037346262613330643935386235616432643039666238
36396431316632616130636333323434366331663632323630353161373937343165633039343563
35616434383231373737623033366131333330636531346161656431643533613137373831653839
31383036663731366561646263636133323338666136313738323837386265613362356238323436
39326433303964616233656661373065663361633930383730623333373661343936396135633562
35303032323963303961653432336333396362386136393563626132353231326263366566613661
64663661363135363064313963663461643632333038663238363935626165636262666265353864
36383433623437313630656539383530346534626631666164626461643138663365666530636238
39386635323431363361623338643838633766663331666665303132323030616435306436343533
31346363636361343534396661386639316261313835613364343731636236633639393032303561
37313437643162316332303861663534323136363463643266346265323065343032626331626362
63316661633839333561303438376161386566386661623339353464663465366663626634396531
39616465336231373035623664366631656435646663663435313764356439356532373332306237
39303564363262356330376363396431336438646430643032653339373863643065
